Central electrode (CE) code	CE index	Neighbors
A1	0	1	32	33	64	65	96	97	110	111	
A2	1	0	2	32	33	110	111	
A3	2	1	3	4	18	31	32	33	110	111	
A4	3	2	4	17	18	19	30	31	33	111	
A5	4	2	3	5	6	7	16	17	18	19	20	
A6	5	4	6	7	17	111	112	122	123	124	
A7	6	4	5	7	16	17	112	121	122	123	124	
A8	7	4	5	6	8	15	16	17	124	125	
A9	8	7	9	14	15	16	124	125	126	
A10	9	8	10	13	14	15	125	126	127	
A11	10	9	11	12	13	14	126	127	
A12	11	10	12	13	127	
A13	12	10	11	13	23	24	
A14	13	9	10	11	12	14	22	23	24	
A15	14	8	9	10	13	15	21	22	23	
A16	15	7	8	9	14	16	20	21	22	
A17	16	4	6	7	8	15	17	18	19	20	21	
A18	17	3	4	5	6	7	16	18	19	20	
A19	18	2	3	4	16	17	19	20	29	30	31	
A20	19	3	4	16	17	18	20	29	30	31	
A21	20	4	15	16	17	18	19	21	28	29	30	31	
A22	21	14	15	16	20	22	27	28	29	
A23	22	13	14	15	21	23	26	27	28	
A24	23	12	13	14	22	24	25	26	27	
A25	24	12	13	23	25	26	
A26	25	23	24	26	39	40	
A27	26	22	23	24	25	27	38	39	40	
A28	27	21	22	23	26	28	37	38	39	
A29	28	20	21	22	27	29	36	37	38	
A30	29	18	19	20	21	28	30	31	35	36	37	
A31	30	3	18	19	20	29	31	34	35	36	
A32	31	2	3	18	19	20	29	30	34	35	36	
B1	32	0	1	2	33	50	51	63	64	65	96	
B2	33	0	1	2	3	32	34	50	51	52	
B3	34	30	31	33	35	36	44	48	49	50	
B4	35	29	30	31	34	36	44	47	48	49	50	
B5	36	28	29	30	31	34	35	37	43	44	
B6	37	27	28	29	36	38	42	43	44	
B7	38	26	27	28	37	39	41	42	43	
B8	39	25	26	27	38	40	41	42	
B9	40	25	26	39	41	
B10	41	38	39	40	42	45	
B11	42	37	38	39	41	43	45	46	
B12	43	36	37	38	42	44	45	46	47	
B13	44	34	35	36	37	43	46	47	48	49	
B14	45	41	42	43	46	56	57	
B15	46	42	43	44	45	47	55	56	57	
B16	47	35	43	44	46	48	49	53	54	55	56	
B17	48	34	35	44	47	49	50	52	53	54	55	
B18	49	34	35	44	47	48	50	51	52	53	54	55	
B19	50	32	33	34	35	48	49	51	52	53	
B20	51	32	33	49	50	52	53	62	63	64	65	
B21	52	33	48	49	50	51	53	54	61	62	63	65	
B22	53	47	48	49	50	51	52	54	55	60	61	62	63	
B23	54	47	48	49	52	53	55	60	61	62	
B24	55	46	47	48	49	53	54	56	59	60	61	62	
B25	56	45	46	47	55	57	58	59	60	
B26	57	45	46	56	58	59	
B27	58	56	57	59	69	70	
B28	59	55	56	57	58	60	68	69	70	
B29	60	53	54	55	56	59	61	62	67	68	69	
B30	61	52	53	54	55	60	62	63	66	67	68	
B31	62	51	52	53	54	55	60	61	63	66	67	68	
B32	63	32	51	52	53	61	62	65	66	67	74	
C1	64	0	32	51	65	74	86	96	110	
C2	65	0	32	51	52	63	64	66	74	85	86	
C3	66	61	62	63	65	67	68	73	74	75	76	
C4	67	60	61	62	63	66	68	73	74	75	76	77	
C5	68	59	60	61	62	66	67	69	72	73	
C6	69	58	59	60	68	70	71	72	73	
C7	70	58	59	69	71	72	
C8	71	69	70	72	78	79	
C9	72	68	69	70	71	73	77	78	79	
C10	73	66	67	68	69	72	75	76	77	78	
C11	74	63	64	65	66	67	75	76	84	85	86	
C12	75	66	67	73	74	76	77	82	83	84	85	86	
C13	76	66	67	73	74	75	77	82	83	84	85	
C14	77	67	72	73	75	76	78	81	82	83	84	
C15	78	71	72	73	77	79	80	81	82	
C16	79	71	72	78	80	81	
C17	80	78	79	81	91	92	
C18	81	77	78	79	80	82	90	91	92	
C19	82	75	76	77	78	81	83	84	88	89	90	91	
C20	83	75	76	77	82	84	85	88	89	90	
C21	84	74	75	76	77	82	83	85	86	87	88	89	90	
C22	85	65	74	75	76	83	84	86	87	88	89	97	
C23	86	64	65	74	75	84	85	87	88	96	97	
C24	87	84	85	86	88	89	96	97	98	99	108	
C25	88	82	83	84	85	86	87	89	90	95	98	99	
C26	89	82	83	84	85	87	88	90	95	98	99	
C27	90	81	82	83	84	88	89	91	94	95	99	
C28	91	80	81	82	90	92	93	94	95	
C29	92	80	81	91	93	94	
C30	93	91	92	94	101	102	
C31	94	90	91	92	93	95	100	101	102	
C32	95	88	89	90	91	94	98	99	100	101	
D1	96	0	32	64	86	87	97	109	110	
D2	97	0	85	86	87	96	98	108	109	110	113	
D3	98	87	88	89	95	97	99	100	106	107	108	
D4	99	87	88	89	90	95	98	100	105	106	107	108	
D5	100	94	95	98	99	101	104	105	106	107	
D6	101	93	94	95	100	102	103	104	105	
D7	102	93	94	101	103	104	
D8	103	101	102	104	117	118	
D9	104	100	101	102	103	105	116	117	118	
D10	105	99	100	101	104	106	107	114	115	116	117	
D11	106	98	99	100	105	107	108	113	114	115	116	
D12	107	98	99	100	105	106	108	109	113	114	115	116	
D13	108	87	97	98	99	106	107	109	110	113	114	
D14	109	96	97	107	108	110	111	112	113	114	123	
D15	110	0	1	2	64	96	97	108	109	111	112	
D16	111	0	1	2	3	5	109	110	112	113	
D17	112	5	6	109	110	111	113	114	122	123	
D18	113	97	106	107	108	109	111	112	114	115	122	123	
D19	114	105	106	107	108	109	112	113	115	116	121	122	123	
D20	115	105	106	107	113	114	116	121	122	123	
D21	116	104	105	106	107	114	115	117	120	121	122	123	
D22	117	103	104	105	116	118	119	120	121	
D23	118	103	104	117	119	120	
D24	119	117	118	120	125	126	127	
D25	120	116	117	118	119	121	124	125	126	
D26	121	6	114	115	116	117	120	122	123	124	125	
D27	122	5	6	112	113	114	115	116	121	123	124	
D28	123	5	6	109	112	113	114	115	116	121	122	124	
D29	124	5	6	7	8	120	121	122	123	125	
D30	125	7	8	9	119	120	121	124	126	
D31	126	8	9	10	119	120	125	127	
D32	127	9	10	11	119	126	
