Central electrode (CE) code	CE index	Neighbors
A1	0	1	2	32	33	51	64	65	86	96	97	109	110	111	
A2	1	0	2	3	32	33	51	64	96	109	110	111	
A3	2	0	1	3	4	17	18	19	30	31	32	33	51	109	110	111	
A4	3	1	2	4	17	18	19	30	31	33	111	
A5	4	2	3	5	6	7	16	17	18	19	20	111	112	123	
A6	5	4	6	7	16	17	110	111	112	121	122	123	124	
A7	6	4	5	7	8	15	16	17	111	112	120	121	122	123	124	125	
A8	7	4	5	6	8	9	14	15	16	17	119	120	122	124	125	126	
A9	8	6	7	9	10	13	14	15	16	17	124	125	126	127	
A10	9	7	8	10	11	12	13	14	15	16	124	125	126	127	
A11	10	8	9	11	12	13	14	15	125	126	127	
A12	11	9	10	12	13	14	119	126	127	
A13	12	9	10	11	13	14	22	23	24	
A14	13	8	9	10	11	12	14	15	21	22	23	24	
A15	14	7	8	9	10	11	12	13	15	16	20	21	22	23	24	124	
A16	15	6	7	8	9	10	13	14	16	17	19	20	21	22	23	124	
A17	16	4	5	6	7	8	9	14	15	17	18	19	20	21	22	
A18	17	2	3	4	5	6	7	8	15	16	18	19	20	21	124	
A19	18	2	3	4	16	17	19	20	29	30	31	33	111	
A20	19	2	3	4	15	16	17	18	20	21	28	29	30	31	
A21	20	4	14	15	16	17	18	19	21	22	27	28	29	30	31	
A22	21	13	14	15	16	17	19	20	22	23	26	27	28	29	30	
A23	22	12	13	14	15	16	20	21	23	24	25	26	27	28	29	
A24	23	12	13	14	15	21	22	24	25	26	27	28	
A25	24	12	13	14	22	23	25	26	27	
A26	25	22	23	24	26	27	38	39	40	
A27	26	21	22	23	24	25	27	28	37	38	39	40	
A28	27	20	21	22	23	24	25	26	28	29	36	37	38	39	40	44	
A29	28	19	20	21	22	23	26	27	29	30	35	36	37	38	39	44	
A30	29	18	19	20	21	22	27	28	30	31	34	35	36	37	38	
A31	30	2	3	18	19	20	21	28	29	31	34	35	36	37	44	
A32	31	2	3	18	19	20	29	30	33	34	35	36	49	50	
B1	32	0	1	2	33	34	50	51	52	63	64	65	86	96	110	
B2	33	0	1	2	3	18	31	32	34	35	49	50	51	52	53	64	96	
B3	34	29	30	31	32	33	35	36	44	47	48	49	50	
B4	35	28	29	30	31	33	34	36	37	43	44	46	47	48	49	50	
B5	36	27	28	29	30	31	34	35	37	38	42	43	44	45	46	48	
B6	37	26	27	28	29	30	35	36	38	39	41	42	43	44	
B7	38	25	26	27	28	29	36	37	39	40	41	42	43	44	
B8	39	25	26	27	28	37	38	40	41	42	43	
B9	40	25	26	27	38	39	41	42	45	
B10	41	37	38	39	40	42	43	45	46	
B11	42	36	37	38	39	40	41	43	44	45	46	47	
B12	43	35	36	37	38	39	41	42	44	45	46	47	48	
B13	44	27	28	30	34	35	36	37	38	42	43	45	46	47	48	49	
B14	45	36	40	41	42	43	44	46	47	55	56	57	
B15	46	35	36	41	42	43	44	45	47	48	54	55	56	57	
B16	47	34	35	42	43	44	45	46	48	49	53	54	55	56	57	
B17	48	34	35	36	43	44	46	47	49	50	51	52	53	54	55	56	
B18	49	31	33	34	35	44	47	48	50	51	52	53	54	55	
B19	50	31	32	33	34	35	48	49	51	52	53	54	64	
B20	51	0	1	2	32	33	48	49	50	52	53	54	61	62	63	64	65	86	
B21	52	32	33	48	49	50	51	53	54	61	62	63	64	65	
B22	53	33	47	48	49	50	51	52	54	55	60	61	62	63	65	
B23	54	46	47	48	49	50	51	52	53	55	56	59	60	61	62	63	
B24	55	45	46	47	48	49	53	54	56	57	58	59	60	61	62	
B25	56	45	46	47	48	54	55	57	58	59	60	61	
B26	57	45	46	47	55	56	58	59	60	
B27	58	55	56	57	59	60	68	69	70	73	
B28	59	54	55	56	57	58	60	61	67	68	69	70	73	
B29	60	53	54	55	56	57	58	59	61	62	66	67	68	69	70	
B30	61	51	52	53	54	55	56	59	60	62	63	66	67	68	69	73	
B31	62	51	52	53	54	55	60	61	63	65	66	67	68	74	75	
B32	63	32	51	52	53	54	61	62	64	65	66	67	74	75	
C1	64	0	1	32	33	50	51	52	63	65	66	74	85	86	87	96	97	110	111	
C2	65	0	32	51	52	53	62	63	64	66	67	74	75	84	85	86	96	
C3	66	60	61	62	63	64	65	67	68	73	74	75	76	77	
C4	67	59	60	61	62	63	65	66	68	69	72	73	74	75	76	77	78	
C5	68	58	59	60	61	62	66	67	69	70	71	72	73	76	78	79	
C6	69	58	59	60	61	67	68	70	71	72	73	
C7	70	58	59	60	68	69	71	72	73	
C8	71	68	69	70	72	73	77	78	79	
C9	72	67	68	69	70	71	73	76	77	78	79	
C10	73	58	59	61	66	67	68	69	70	71	72	75	76	77	78	79	
C11	74	62	63	64	65	66	67	75	76	83	84	85	86	96	
C12	75	62	63	65	66	67	73	74	76	77	82	83	84	85	86	
C13	76	66	67	68	72	73	74	75	77	78	81	82	83	84	85	86	
C14	77	66	67	71	72	73	75	76	78	79	80	81	82	83	84	
C15	78	67	68	71	72	73	76	77	79	80	81	82	83	
C16	79	68	71	72	73	77	78	80	81	82	
C17	80	77	78	79	81	82	90	91	92	
C18	81	76	77	78	79	80	82	83	89	90	91	92	
C19	82	75	76	77	78	79	80	81	83	84	88	89	90	91	92	
C20	83	74	75	76	77	78	81	82	84	85	86	87	88	89	90	91	
C21	84	65	74	75	76	77	82	83	85	86	87	88	89	90	97	
C22	85	64	65	74	75	76	83	84	86	87	88	89	96	97	
C23	86	0	32	51	64	65	74	75	76	83	84	85	87	88	89	96	97	109	110	
C24	87	64	83	84	85	86	88	89	96	97	98	99	107	108	
C25	88	82	83	84	85	86	87	89	90	95	97	98	99	107	108	
C26	89	81	82	83	84	85	86	87	88	90	91	94	95	98	99	100	
C27	90	80	81	82	83	84	88	89	91	92	93	94	95	98	99	
C28	91	80	81	82	83	89	90	92	93	94	95	99	100	
C29	92	80	81	82	90	91	93	94	95	100	
C30	93	90	91	92	94	95	100	101	102	
C31	94	89	90	91	92	93	95	99	100	101	102	
C32	95	88	89	90	91	92	93	94	98	99	100	101	102	103	104	106	
D1	96	0	1	32	33	64	65	74	85	86	87	97	98	108	109	110	111	112	113	
D2	97	0	64	84	85	86	87	88	96	98	99	107	108	109	110	113	114	
D3	98	87	88	89	90	95	96	97	99	100	105	106	107	108	
D4	99	87	88	89	90	91	94	95	97	98	100	101	104	105	106	107	108	
D5	100	89	91	92	93	94	95	98	99	101	102	103	104	105	106	107	
D6	101	93	94	95	99	100	102	103	104	105	106	
D7	102	93	94	95	100	101	103	104	105	
D8	103	95	100	101	102	104	105	116	117	118	
D9	104	95	99	100	101	102	103	105	106	115	116	117	118	
D10	105	98	99	100	101	102	103	104	106	107	114	115	116	117	118	
D11	106	95	98	99	100	101	104	105	107	108	109	113	114	115	116	117	
D12	107	87	88	97	98	99	100	105	106	108	109	113	114	115	116	
D13	108	87	88	96	97	98	99	106	107	109	110	113	114	115	
D14	109	0	1	2	86	96	97	106	107	108	110	111	112	113	114	115	122	123	
D15	110	0	1	2	5	32	64	86	96	97	108	109	111	112	113	
D16	111	0	1	2	3	4	5	6	18	64	96	109	110	112	113	114	123	
D17	112	4	5	6	96	109	110	111	113	114	115	122	123	
D18	113	96	97	106	107	108	109	110	111	112	114	115	122	123	
D19	114	97	105	106	107	108	109	111	112	113	115	116	121	122	123	
D20	115	104	105	106	107	108	109	112	113	114	116	117	120	121	122	123	
D21	116	103	104	105	106	107	114	115	117	118	119	120	121	122	123	
D22	117	103	104	105	106	115	116	118	119	120	121	122	
D23	118	103	104	105	116	117	119	120	121	
D24	119	7	11	116	117	118	120	121	124	125	126	127	
D25	120	6	7	115	116	117	118	119	121	122	124	125	126	127	
D26	121	5	6	114	115	116	117	118	119	120	122	123	124	125	126	
D27	122	5	6	7	109	112	113	114	115	116	117	120	121	123	124	125	
D28	123	4	5	6	109	111	112	113	114	115	116	121	122	124	
D29	124	5	6	7	8	9	14	15	17	119	120	121	122	123	125	126	
D30	125	6	7	8	9	10	119	120	121	122	124	126	127	
D31	126	7	8	9	10	11	119	120	121	124	125	127	
D32	127	8	9	10	11	119	120	125	126	
