Central electrode (CE) code	CE index	Neighbors
A1	0	1	2	3	4	5	6	7	8	16	17	18	19	29	30	31	32	33	34	35	36	37	43	44	47	48	49	50	51	52	53	54	60	61	62	63	64	65	66	67	68	69	72	73	74	75	76	77	83	84	85	86	87	88	89	90	94	95	96	97	98	99	100	101	105	106	107	108	109	110	111	112	113	114	115	121	122	123	124	125	
A2	1	0	2	3	4	5	6	7	8	15	16	17	18	19	20	21	28	29	30	31	32	33	34	35	36	37	43	44	47	48	49	50	51	52	53	54	60	61	62	63	64	65	66	67	68	69	74	75	85	86	87	88	96	97	98	99	100	101	105	106	107	108	109	110	111	112	113	114	115	121	122	123	124	125	
A3	2	0	1	3	4	5	6	7	8	15	16	17	18	19	20	21	28	29	30	31	32	33	34	35	36	37	43	44	47	48	49	50	51	52	53	54	60	61	62	63	64	65	66	74	86	87	96	97	98	105	106	107	108	109	110	111	112	113	114	115	121	122	123	124	125	
A4	3	0	1	2	4	5	6	7	8	9	14	15	16	17	18	19	20	21	22	27	28	29	30	31	32	33	34	35	36	37	38	42	43	44	47	48	49	50	51	52	53	54	60	61	62	63	64	65	96	97	105	106	107	108	109	110	111	112	113	114	115	121	122	123	124	125	126	
A5	4	0	1	2	3	5	6	7	8	9	14	15	16	17	18	19	20	21	22	27	28	29	30	31	32	33	34	35	36	37	38	50	51	52	64	96	109	110	111	112	113	114	115	116	117	118	119	120	121	122	123	124	125	126	
A6	5	0	1	2	3	4	6	7	8	9	14	15	16	17	18	19	20	21	22	27	28	29	30	31	32	33	51	64	65	86	96	97	103	104	105	106	107	108	109	110	111	112	113	114	115	116	117	118	119	120	121	122	123	124	125	126	
A7	6	0	1	2	3	4	5	7	8	9	10	13	14	15	16	17	18	19	20	21	22	23	26	27	28	29	31	32	33	64	65	96	97	103	104	105	106	107	108	109	110	111	112	113	114	115	116	117	118	119	120	121	122	123	124	125	126	127	
A8	7	0	1	2	3	4	5	6	8	9	10	11	12	13	14	15	16	17	18	19	20	21	22	23	24	25	26	27	28	29	30	31	32	33	109	110	111	112	113	114	115	116	117	118	119	120	121	122	123	124	125	126	127	
A9	8	0	1	2	3	4	5	6	7	9	10	11	12	13	14	15	16	17	18	19	20	21	22	23	24	25	26	27	28	29	30	31	32	33	109	110	111	112	113	114	115	116	117	118	119	120	121	122	123	124	125	126	127	
A10	9	3	4	5	6	7	8	10	11	12	13	14	15	16	17	18	19	20	21	22	23	24	25	26	27	28	29	31	112	113	114	115	116	117	118	119	120	121	122	123	124	125	126	127	
A11	10	6	7	8	9	11	12	13	14	15	16	17	19	20	21	22	23	24	25	26	27	28	29	30	115	116	117	118	119	120	121	122	124	125	126	127	
A12	11	7	8	9	10	12	13	14	15	16	20	21	22	23	24	25	26	27	28	29	116	117	118	119	120	121	124	125	126	127	
A13	12	7	8	9	10	11	13	14	15	16	20	21	22	23	24	25	26	27	28	29	36	37	38	39	40	116	117	118	119	120	121	124	125	126	127	
A14	13	6	7	8	9	10	11	12	14	15	16	17	19	20	21	22	23	24	25	26	27	28	29	30	35	36	37	38	39	40	119	120	121	122	124	125	126	127	
A15	14	3	4	5	6	7	8	9	10	11	12	13	15	16	17	18	19	20	21	22	23	24	25	26	27	28	29	30	31	34	35	36	37	38	39	40	50	112	119	120	121	122	123	124	125	126	127	
A16	15	1	2	3	4	5	6	7	8	9	10	11	12	13	14	16	17	18	19	20	21	22	23	24	25	26	27	28	29	30	31	32	33	34	35	36	37	38	39	40	50	110	111	112	119	120	121	122	123	124	125	126	127	
A17	16	0	1	2	3	4	5	6	7	8	9	10	11	12	13	14	15	17	18	19	20	21	22	23	24	25	26	27	28	29	30	31	32	33	34	35	36	37	38	39	40	50	51	52	109	110	111	112	113	114	115	116	117	118	119	120	121	122	123	124	125	126	127	
A18	17	0	1	2	3	4	5	6	7	8	9	10	13	14	15	16	18	19	20	21	22	23	26	27	28	29	30	31	32	33	34	36	37	39	50	51	52	109	110	111	112	113	114	115	116	117	118	119	120	121	122	123	124	125	126	127	
A19	18	0	1	2	3	4	5	6	7	8	9	14	15	16	17	19	20	21	22	27	28	29	30	31	32	33	34	35	36	37	38	42	43	44	47	48	49	50	51	52	53	54	64	96	109	110	111	112	113	114	115	121	122	123	124	125	126	
A20	19	0	1	2	3	4	5	6	7	8	9	10	13	14	15	16	17	18	20	21	22	23	26	27	28	29	30	31	32	33	34	35	36	37	38	39	41	42	43	44	47	48	49	50	51	52	53	54	109	110	111	112	113	114	115	121	122	123	124	125	126	127	
A21	20	1	2	3	4	5	6	7	8	9	10	11	12	13	14	15	16	17	18	19	21	22	23	24	25	26	27	28	29	30	31	32	33	34	35	36	37	38	39	40	41	42	43	44	47	48	49	50	110	111	112	121	122	123	124	125	126	127	
A22	21	1	2	3	4	5	6	7	8	9	10	11	12	13	14	15	16	17	18	19	20	22	23	24	25	26	27	28	29	30	31	33	34	35	36	37	38	39	40	41	42	43	44	47	48	49	50	111	112	121	122	123	124	125	126	127	
A23	22	3	4	5	6	7	8	9	10	11	12	13	14	15	16	17	18	19	20	21	23	24	25	26	27	28	29	30	31	34	35	36	37	38	39	40	41	42	43	44	47	48	49	50	112	121	122	123	124	125	126	127	
A24	23	6	7	8	9	10	11	12	13	14	15	16	17	19	20	21	22	24	25	26	27	28	29	30	35	36	37	38	39	40	41	42	43	44	47	48	121	122	124	125	126	127	
A25	24	7	8	9	10	11	12	13	14	15	16	20	21	22	23	25	26	27	28	29	36	37	38	39	40	41	42	43	44	47	121	124	125	126	127	
A26	25	7	8	9	10	11	12	13	14	15	16	20	21	22	23	24	26	27	28	29	36	37	38	39	40	41	42	43	44	45	46	47	55	56	57	
A27	26	6	7	8	9	10	11	12	13	14	15	16	17	19	20	21	22	23	24	25	27	28	29	30	35	36	37	38	39	40	41	42	43	44	45	46	47	48	
A28	27	3	4	5	6	7	8	9	10	11	12	13	14	15	16	17	18	19	20	21	22	23	24	25	26	28	29	30	31	34	35	36	37	38	39	40	41	42	43	44	45	46	47	48	49	50	112	
A29	28	1	2	3	4	5	6	7	8	9	10	11	12	13	14	15	16	17	18	19	20	21	22	23	24	25	26	27	29	30	31	32	33	34	35	36	37	38	39	40	41	42	43	44	45	46	47	48	49	50	110	111	112	
A30	29	0	1	2	3	4	5	6	7	8	9	10	11	12	13	14	15	16	17	18	19	20	21	22	23	24	25	26	27	28	30	31	32	33	34	35	36	37	38	39	40	41	42	43	44	45	46	47	48	49	50	51	52	53	54	55	56	57	109	110	111	112	113	
A31	30	0	1	2	3	4	5	7	8	10	13	14	15	16	17	18	19	20	21	22	23	26	27	28	29	31	32	33	34	35	36	37	38	39	41	42	43	44	45	46	47	48	49	50	51	52	53	54	55	56	57	109	110	111	112	113	
A32	31	0	1	2	3	4	5	6	7	8	9	14	15	16	17	18	19	20	21	22	27	28	29	30	32	33	34	35	36	37	38	42	43	44	45	46	47	48	49	50	51	52	53	54	55	56	57	64	96	109	110	111	112	113	
B1	32	0	1	2	3	4	5	6	7	8	15	16	17	18	19	20	28	29	30	31	33	34	35	36	37	43	44	46	47	48	49	50	51	52	53	54	55	56	59	60	61	62	63	64	65	66	67	68	69	72	73	74	75	76	83	84	85	86	87	88	89	94	95	96	97	98	99	107	108	109	110	111	112	113	114	123	
B2	33	0	1	2	3	4	5	6	7	8	15	16	17	18	19	20	21	28	29	30	31	32	34	35	36	37	43	44	46	47	48	49	50	51	52	53	54	55	56	59	60	61	62	63	64	65	66	67	68	69	74	85	86	87	96	97	98	99	108	109	110	111	112	113	
B3	34	0	1	2	3	4	14	15	16	17	18	19	20	21	22	27	28	29	30	31	32	33	35	36	37	38	42	43	44	45	46	47	48	49	50	51	52	53	54	55	56	57	58	59	60	61	62	63	64	65	86	96	97	109	110	111	
B4	35	0	1	2	3	4	13	14	15	16	18	19	20	21	22	23	26	27	28	29	30	31	32	33	34	36	37	38	39	41	42	43	44	45	46	47	48	49	50	51	52	53	54	55	56	57	58	59	60	61	62	63	64	65	96	97	110	111	
B5	36	0	1	2	3	4	12	13	14	15	16	17	18	19	20	21	22	23	24	25	26	27	28	29	30	31	32	33	34	35	37	38	39	40	41	42	43	44	45	46	47	48	49	50	51	52	53	54	55	56	57	110	111	
B6	37	0	1	2	3	4	12	13	14	15	16	17	18	19	20	21	22	23	24	25	26	27	28	29	30	31	32	33	34	35	36	38	39	40	41	42	43	44	45	46	47	48	49	50	51	52	53	54	55	56	57	110	111	
B7	38	3	4	12	13	14	15	16	18	19	20	21	22	23	24	25	26	27	28	29	30	31	34	35	36	37	39	40	41	42	43	44	45	46	47	48	49	50	52	53	54	55	56	57	
B8	39	12	13	14	15	16	17	19	20	21	22	23	24	25	26	27	28	29	30	35	36	37	38	40	41	42	43	44	45	46	47	48	54	55	56	57	
B9	40	12	13	14	15	16	20	21	22	23	24	25	26	27	28	29	36	37	38	39	41	42	43	44	45	46	47	55	56	57	
B10	41	19	20	21	22	23	24	25	26	27	28	29	30	35	36	37	38	39	40	42	43	44	45	46	47	48	54	55	56	57	58	59	60	61	
B11	42	3	18	19	20	21	22	23	24	25	26	27	28	29	30	31	34	35	36	37	38	39	40	41	43	44	45	46	47	48	49	50	52	53	54	55	56	57	58	59	60	61	62	63	
B12	43	0	1	2	3	18	19	20	21	22	23	24	25	26	27	28	29	30	31	32	33	34	35	36	37	38	39	40	41	42	44	45	46	47	48	49	50	51	52	53	54	55	56	57	58	59	60	61	62	63	64	65	96	
B13	44	0	1	2	3	18	19	20	21	22	23	24	25	26	27	28	29	30	31	32	33	34	35	36	37	38	39	40	41	42	43	45	46	47	48	49	50	51	52	53	54	55	56	57	58	59	60	61	62	63	64	65	96	
B14	45	25	26	27	28	29	30	31	34	35	36	37	38	39	40	41	42	43	44	46	47	48	49	50	52	53	54	55	56	57	58	59	60	61	62	63	66	67	68	69	70	74	
B15	46	25	26	27	28	29	30	31	32	33	34	35	36	37	38	39	40	41	42	43	44	45	47	48	49	50	51	52	53	54	55	56	57	58	59	60	61	62	63	64	65	66	67	68	69	70	74	
B16	47	0	1	2	3	18	19	20	21	22	23	24	25	26	27	28	29	30	31	32	33	34	35	36	37	38	39	40	41	42	43	44	45	46	48	49	50	51	52	53	54	55	56	57	58	59	60	61	62	63	64	65	66	67	68	69	70	74	85	86	
B17	48	0	1	2	3	18	19	20	21	22	23	26	27	28	29	30	31	32	33	34	35	36	37	38	39	41	42	43	44	45	46	47	49	50	51	52	53	54	55	56	57	58	59	60	61	62	63	64	65	66	67	68	69	70	74	85	86	96	
B18	49	0	1	2	3	18	19	20	21	22	27	28	29	30	31	32	33	34	35	36	37	38	42	43	44	45	46	47	48	50	51	52	53	54	55	56	57	58	59	60	61	62	63	64	65	66	67	68	69	70	74	85	86	96	110	
B19	50	0	1	2	3	4	14	15	16	17	18	19	20	21	22	27	28	29	30	31	32	33	34	35	36	37	38	42	43	44	45	46	47	48	49	51	52	53	54	55	56	57	58	59	60	61	62	63	64	65	66	67	68	69	70	74	85	86	87	96	97	109	110	111	
B20	51	0	1	2	3	4	5	16	17	18	19	29	30	31	32	33	34	35	36	37	43	44	46	47	48	49	50	52	53	54	55	56	59	60	61	62	63	64	65	66	67	68	69	72	73	74	75	76	77	83	84	85	86	87	88	89	90	96	97	98	108	109	110	111	112	
B21	52	0	1	2	3	4	16	17	18	19	29	30	31	32	33	34	35	36	37	38	42	43	44	45	46	47	48	49	50	51	53	54	55	56	57	58	59	60	61	62	63	64	65	66	67	68	69	70	71	72	73	74	75	76	77	83	84	85	86	87	88	89	90	96	97	110	111	
B22	53	0	1	2	3	18	19	29	30	31	32	33	34	35	36	37	38	42	43	44	45	46	47	48	49	50	51	52	54	55	56	57	58	59	60	61	62	63	64	65	66	67	68	69	70	71	72	73	74	75	76	77	83	84	85	86	96	110	
B23	54	0	1	2	3	18	19	29	30	31	32	33	34	35	36	37	38	39	41	42	43	44	45	46	47	48	49	50	51	52	53	55	56	57	58	59	60	61	62	63	64	65	66	67	68	69	70	71	72	73	74	75	76	77	83	84	85	86	
B24	55	25	29	30	31	32	33	34	35	36	37	38	39	40	41	42	43	44	45	46	47	48	49	50	51	52	53	54	56	57	58	59	60	61	62	63	64	65	66	67	68	69	70	71	72	73	74	75	76	77	
B25	56	25	29	30	31	32	33	34	35	36	37	38	39	40	41	42	43	44	45	46	47	48	49	50	51	52	53	54	55	57	58	59	60	61	62	63	64	65	66	67	68	69	70	71	72	73	74	75	76	77	
B26	57	25	29	30	31	34	35	36	37	38	39	40	41	42	43	44	45	46	47	48	49	50	52	53	54	55	56	58	59	60	61	62	63	66	67	68	69	70	71	72	73	74	75	76	77	
B27	58	34	35	41	42	43	44	45	46	47	48	49	50	52	53	54	55	56	57	59	60	61	62	63	66	67	68	69	70	71	72	73	74	75	76	77	78	79	
B28	59	32	33	34	35	41	42	43	44	45	46	47	48	49	50	51	52	53	54	55	56	57	58	60	61	62	63	64	65	66	67	68	69	70	71	72	73	74	75	76	77	78	79	
B29	60	0	1	2	3	32	33	34	35	41	42	43	44	45	46	47	48	49	50	51	52	53	54	55	56	57	58	59	61	62	63	64	65	66	67	68	69	70	71	72	73	74	75	76	77	78	79	80	81	82	83	84	85	86	
B30	61	0	1	2	3	32	33	34	35	41	42	43	44	45	46	47	48	49	50	51	52	53	54	55	56	57	58	59	60	62	63	64	65	66	67	68	69	70	71	72	73	74	75	76	77	78	79	80	81	82	83	84	85	86	96	
B31	62	0	1	2	3	32	33	34	35	42	43	44	45	46	47	48	49	50	51	52	53	54	55	56	57	58	59	60	61	63	64	65	66	67	68	69	70	71	72	73	74	75	76	77	78	79	80	81	82	83	84	85	86	96	110	
B32	63	0	1	2	3	32	33	34	35	42	43	44	45	46	47	48	49	50	51	52	53	54	55	56	57	58	59	60	61	62	64	65	66	67	68	69	70	71	72	73	74	75	76	77	78	79	80	81	82	83	84	85	86	87	88	89	90	91	92	96	97	109	110	111	
C1	64	0	1	2	3	4	5	6	18	31	32	33	34	35	43	44	46	47	48	49	50	51	52	53	54	55	56	59	60	61	62	63	65	66	67	68	69	72	73	74	75	76	77	78	81	82	83	84	85	86	87	88	89	90	91	94	95	96	97	98	99	100	101	106	107	108	109	110	111	112	113	114	122	123	124	125	
C2	65	0	1	2	3	5	6	32	33	34	35	43	44	46	47	48	49	50	51	52	53	54	55	56	59	60	61	62	63	64	66	67	68	69	72	73	74	75	76	77	78	81	82	83	84	85	86	87	88	89	90	91	94	95	96	97	98	99	108	109	110	111	112	113	
C3	66	0	1	2	32	33	45	46	47	48	49	50	51	52	53	54	55	56	57	58	59	60	61	62	63	64	65	67	68	69	70	71	72	73	74	75	76	77	78	79	80	81	82	83	84	85	86	87	88	89	90	91	92	96	97	109	110	111	
C4	67	0	1	32	33	45	46	47	48	49	50	51	52	53	54	55	56	57	58	59	60	61	62	63	64	65	66	68	69	70	71	72	73	74	75	76	77	78	79	80	81	82	83	84	85	86	87	88	90	91	92	96	97	110	111	
C5	68	0	1	32	33	45	46	47	48	49	50	51	52	53	54	55	56	57	58	59	60	61	62	63	64	65	66	67	69	70	71	72	73	74	75	76	77	78	79	80	81	82	83	84	85	86	96	
C6	69	0	1	32	33	45	46	47	48	49	50	51	52	53	54	55	56	57	58	59	60	61	62	63	64	65	66	67	68	70	71	72	73	74	75	76	77	78	79	80	81	82	83	84	85	86	96	
C7	70	45	46	47	48	49	50	52	53	54	55	56	57	58	59	60	61	62	63	66	67	68	69	71	72	73	74	75	76	77	78	79	80	81	82	83	84	85	
C8	71	52	53	54	55	56	57	58	59	60	61	62	63	66	67	68	69	70	72	73	74	75	76	77	78	79	80	81	82	83	84	85	87	88	90	91	92	
C9	72	0	32	51	52	53	54	55	56	57	58	59	60	61	62	63	64	65	66	67	68	69	70	71	73	74	75	76	77	78	79	80	81	82	83	84	85	86	87	88	89	90	91	92	96	97	110	
C10	73	0	32	51	52	53	54	55	56	57	58	59	60	61	62	63	64	65	66	67	68	69	70	71	72	74	75	76	77	78	79	80	81	82	83	84	85	86	87	88	89	90	91	92	96	97	110	
C11	74	0	1	2	32	33	45	46	47	48	49	50	51	52	53	54	55	56	57	58	59	60	61	62	63	64	65	66	67	68	69	70	71	72	73	75	76	77	78	79	80	81	82	83	84	85	86	87	88	89	90	91	92	93	94	95	96	97	98	99	108	109	110	111	112	113	
C12	75	0	1	32	51	52	53	54	55	56	57	58	59	60	61	62	63	64	65	66	67	68	69	70	71	72	73	74	76	77	78	79	80	81	82	83	84	85	86	87	88	89	90	91	92	93	94	95	96	97	98	99	108	109	110	113	
C13	76	0	32	51	52	53	54	55	56	57	58	59	60	61	62	63	64	65	66	67	68	69	70	71	72	73	74	75	77	78	79	80	81	82	83	84	85	86	87	88	89	90	91	92	94	95	96	97	98	108	109	110	113	
C14	77	0	51	52	53	54	55	56	57	58	59	60	61	62	63	64	65	66	67	68	69	70	71	72	73	74	75	76	78	79	80	81	82	83	84	85	86	87	88	89	90	91	92	93	94	95	96	97	98	99	108	109	113	
C15	78	58	59	60	61	62	63	64	65	66	67	68	69	70	71	72	73	74	75	76	77	79	80	81	82	83	84	85	86	87	88	89	90	91	92	93	94	95	96	97	98	99	108	
C16	79	58	59	60	61	62	63	66	67	68	69	70	71	72	73	74	75	76	77	78	80	81	82	83	84	85	87	88	89	90	91	92	93	94	95	98	99	108	
C17	80	60	61	62	63	66	67	68	69	70	71	72	73	74	75	76	77	78	79	81	82	83	84	85	87	88	89	90	91	92	93	94	95	98	99	100	101	102	105	106	107	108	
C18	81	60	61	62	63	64	65	66	67	68	69	70	71	72	73	74	75	76	77	78	79	80	82	83	84	85	86	87	88	89	90	91	92	93	94	95	96	97	98	99	100	101	102	105	106	107	108	
C19	82	60	61	62	63	64	65	66	67	68	69	70	71	72	73	74	75	76	77	78	79	80	81	83	84	85	86	87	88	89	90	91	92	93	94	95	96	97	98	99	100	101	102	105	106	107	108	
C20	83	0	32	51	52	53	54	60	61	62	63	64	65	66	67	68	69	70	71	72	73	74	75	76	77	78	79	80	81	82	84	85	86	87	88	89	90	91	92	93	94	95	96	97	98	99	100	101	102	105	106	107	108	109	110	113	114	115	
C21	84	0	32	51	52	53	54	60	61	62	63	64	65	66	67	68	69	70	71	72	73	74	75	76	77	78	79	80	81	82	83	85	86	87	88	89	90	91	92	93	94	95	96	97	98	99	100	101	102	105	106	107	108	109	110	113	114	115	
C22	85	0	1	32	33	47	48	49	50	51	52	53	54	60	61	62	63	64	65	66	67	68	69	70	71	72	73	74	75	76	77	78	79	80	81	82	83	84	86	87	88	89	90	91	92	93	94	95	96	97	98	99	100	101	102	105	106	107	108	109	110	111	112	113	114	115	121	122	123	
C23	86	0	1	2	5	32	33	34	47	48	49	50	51	52	53	54	60	61	62	63	64	65	66	67	68	69	72	73	74	75	76	77	78	81	82	83	84	85	87	88	89	90	91	94	95	96	97	98	99	100	101	105	106	107	108	109	110	111	112	113	114	115	121	122	123	
C24	87	0	1	2	32	33	50	51	52	63	64	65	66	67	71	72	73	74	75	76	77	78	79	80	81	82	83	84	85	86	88	89	90	91	92	93	94	95	96	97	98	99	100	101	102	103	104	105	106	107	108	109	110	111	112	113	114	115	116	117	118	119	120	121	122	123	
C25	88	0	1	32	51	52	63	64	65	66	67	71	72	73	74	75	76	77	78	79	80	81	82	83	84	85	86	87	89	90	91	92	93	94	95	96	97	98	99	100	101	102	103	104	105	106	107	108	109	110	113	114	115	116	117	118	
C26	89	0	32	51	52	63	64	65	66	72	73	74	75	76	77	78	79	80	81	82	83	84	85	86	87	88	90	91	92	93	94	95	96	97	98	99	100	101	102	103	104	105	106	107	108	109	110	113	114	115	116	117	118	
C27	90	0	51	52	63	64	65	66	67	71	72	73	74	75	76	77	78	79	80	81	82	83	84	85	86	87	88	89	91	92	93	94	95	96	97	98	99	100	101	102	103	104	105	106	107	108	109	113	114	115	116	117	118	
C28	91	63	64	65	66	67	71	72	73	74	75	76	77	78	79	80	81	82	83	84	85	86	87	88	89	90	92	93	94	95	96	97	98	99	100	101	102	103	104	105	106	107	108	
C29	92	63	66	67	71	72	73	74	75	76	77	78	79	80	81	82	83	84	85	87	88	89	90	91	93	94	95	98	99	100	101	102	103	104	105	106	107	108	
C30	93	74	75	77	78	79	80	81	82	83	84	85	87	88	89	90	91	92	94	95	98	99	100	101	102	103	104	105	106	107	108	113	114	115	116	117	118	
C31	94	0	32	64	65	74	75	76	77	78	79	80	81	82	83	84	85	86	87	88	89	90	91	92	93	95	96	97	98	99	100	101	102	103	104	105	106	107	108	109	110	113	114	115	116	117	118	
C32	95	0	32	64	65	74	75	76	77	78	79	80	81	82	83	84	85	86	87	88	89	90	91	92	93	94	96	97	98	99	100	101	102	103	104	105	106	107	108	109	110	113	114	115	116	117	118	
D1	96	0	1	2	3	4	5	6	18	31	32	33	34	35	43	44	48	49	50	51	52	53	61	62	63	64	65	66	67	68	69	72	73	74	75	76	77	78	81	82	83	84	85	86	87	88	89	90	91	94	95	97	98	99	100	101	104	105	106	107	108	109	110	111	112	113	114	115	116	117	120	121	122	123	124	125	
D2	97	0	1	2	3	5	6	32	33	34	35	50	51	52	63	64	65	66	67	72	73	74	75	76	77	78	81	82	83	84	85	86	87	88	89	90	91	94	95	96	98	99	100	101	104	105	106	107	108	109	110	111	112	113	114	115	116	117	120	121	122	123	124	125	
D3	98	0	1	2	32	33	51	64	65	74	75	76	77	78	79	80	81	82	83	84	85	86	87	88	89	90	91	92	93	94	95	96	97	99	100	101	102	103	104	105	106	107	108	109	110	111	112	113	114	115	116	117	118	119	120	121	122	123	
D4	99	0	1	32	33	64	65	74	75	77	78	79	80	81	82	83	84	85	86	87	88	89	90	91	92	93	94	95	96	97	98	100	101	102	103	104	105	106	107	108	109	110	111	112	113	114	115	116	117	118	119	120	121	122	123	
D5	100	0	1	64	80	81	82	83	84	85	86	87	88	89	90	91	92	93	94	95	96	97	98	99	101	102	103	104	105	106	107	108	109	110	111	112	113	114	115	116	117	118	119	120	121	122	123	
D6	101	0	1	64	80	81	82	83	84	85	86	87	88	89	90	91	92	93	94	95	96	97	98	99	100	102	103	104	105	106	107	108	109	110	111	112	113	114	115	116	117	118	119	120	121	122	123	
D7	102	80	81	82	83	84	85	87	88	89	90	91	92	93	94	95	98	99	100	101	103	104	105	106	107	108	112	113	114	115	116	117	118	119	120	121	122	123	
D8	103	5	6	87	88	89	90	91	92	93	94	95	98	99	100	101	102	104	105	106	107	108	112	113	114	115	116	117	118	119	120	121	122	123	124	125	126	127	
D9	104	5	6	87	88	89	90	91	92	93	94	95	96	97	98	99	100	101	102	103	105	106	107	108	109	110	111	112	113	114	115	116	117	118	119	120	121	122	123	124	125	126	127	
D10	105	0	1	2	3	5	6	80	81	82	83	84	85	86	87	88	89	90	91	92	93	94	95	96	97	98	99	100	101	102	103	104	106	107	108	109	110	111	112	113	114	115	116	117	118	119	120	121	122	123	124	125	126	127	
D11	106	0	1	2	3	5	6	64	80	81	82	83	84	85	86	87	88	89	90	91	92	93	94	95	96	97	98	99	100	101	102	103	104	105	107	108	109	110	111	112	113	114	115	116	117	118	119	120	121	122	123	124	125	126	127	
D12	107	0	1	2	3	5	6	32	64	80	81	82	83	84	85	86	87	88	89	90	91	92	93	94	95	96	97	98	99	100	101	102	103	104	105	106	108	109	110	111	112	113	114	115	116	117	118	119	120	121	122	123	124	125	126	
D13	108	0	1	2	3	5	6	32	33	51	64	65	74	75	76	77	78	79	80	81	82	83	84	85	86	87	88	89	90	91	92	93	94	95	96	97	98	99	100	101	102	103	104	105	106	107	109	110	111	112	113	114	115	116	117	118	119	120	121	122	123	124	125	126	
D14	109	0	1	2	3	4	5	6	7	8	16	17	18	19	29	30	31	32	33	34	50	51	63	64	65	66	74	75	76	77	83	84	85	86	87	88	89	90	94	95	96	97	98	99	100	101	104	105	106	107	108	110	111	112	113	114	115	116	117	120	121	122	123	124	125	
D15	110	0	1	2	3	4	5	6	7	8	15	16	17	18	19	20	28	29	30	31	32	33	34	35	36	37	49	50	51	52	53	62	63	64	65	66	67	72	73	74	75	76	83	84	85	86	87	88	89	94	95	96	97	98	99	100	101	104	105	106	107	108	109	111	112	113	114	115	116	117	120	121	122	123	124	125	
D16	111	0	1	2	3	4	5	6	7	8	15	16	17	18	19	20	21	28	29	30	31	32	33	34	35	36	37	50	51	52	63	64	65	66	67	74	85	86	87	96	97	98	99	100	101	104	105	106	107	108	109	110	112	113	114	115	116	117	120	121	122	123	124	125	
D17	112	0	1	2	3	4	5	6	7	8	9	14	15	16	17	18	19	20	21	22	27	28	29	30	31	32	33	51	64	65	74	85	86	87	96	97	98	99	100	101	102	103	104	105	106	107	108	109	110	111	113	114	115	116	117	118	119	120	121	122	123	124	125	126	
D18	113	0	1	2	3	4	5	6	7	8	9	16	17	18	19	29	30	31	32	33	64	65	74	75	76	77	83	84	85	86	87	88	89	90	93	94	95	96	97	98	99	100	101	102	103	104	105	106	107	108	109	110	111	112	114	115	116	117	118	119	120	121	122	123	124	125	126	
D19	114	0	1	2	3	4	5	6	7	8	9	16	17	18	19	32	64	83	84	85	86	87	88	89	90	93	94	95	96	97	98	99	100	101	102	103	104	105	106	107	108	109	110	111	112	113	115	116	117	118	119	120	121	122	123	124	125	126	
D20	115	0	1	2	3	4	5	6	7	8	9	10	16	17	18	19	83	84	85	86	87	88	89	90	93	94	95	96	97	98	99	100	101	102	103	104	105	106	107	108	109	110	111	112	113	114	116	117	118	119	120	121	122	123	124	125	126	127	
D21	116	4	5	6	7	8	9	10	11	12	16	17	87	88	89	90	93	94	95	96	97	98	99	100	101	102	103	104	105	106	107	108	109	110	111	112	113	114	115	117	118	119	120	121	122	123	124	125	126	127	
D22	117	4	5	6	7	8	9	10	11	12	16	17	87	88	89	90	93	94	95	96	97	98	99	100	101	102	103	104	105	106	107	108	109	110	111	112	113	114	115	116	118	119	120	121	122	123	124	125	126	127	
D23	118	4	5	6	7	8	9	10	11	12	16	17	87	88	89	90	93	94	95	98	99	100	101	102	103	104	105	106	107	108	112	113	114	115	116	117	119	120	121	122	123	124	125	126	127	
D24	119	4	5	6	7	8	9	10	11	12	13	14	15	16	17	87	98	99	100	101	102	103	104	105	106	107	108	112	113	114	115	116	117	118	120	121	122	123	124	125	126	127	
D25	120	4	5	6	7	8	9	10	11	12	13	14	15	16	17	87	96	97	98	99	100	101	102	103	104	105	106	107	108	109	110	111	112	113	114	115	116	117	118	119	121	122	123	124	125	126	127	
D26	121	0	1	2	3	4	5	6	7	8	9	10	11	12	13	14	15	16	17	18	19	20	21	22	23	24	85	86	87	96	97	98	99	100	101	102	103	104	105	106	107	108	109	110	111	112	113	114	115	116	117	118	119	120	122	123	124	125	126	127	
D27	122	0	1	2	3	4	5	6	7	8	9	10	13	14	15	16	17	18	19	20	21	22	23	64	85	86	87	96	97	98	99	100	101	102	103	104	105	106	107	108	109	110	111	112	113	114	115	116	117	118	119	120	121	123	124	125	126	127	
D28	123	0	1	2	3	4	5	6	7	8	9	14	15	16	17	18	19	20	21	22	32	64	85	86	87	96	97	98	99	100	101	102	103	104	105	106	107	108	109	110	111	112	113	114	115	116	117	118	119	120	121	122	124	125	126	
D29	124	0	1	2	3	4	5	6	7	8	9	10	11	12	13	14	15	16	17	18	19	20	21	22	23	24	64	96	97	103	104	105	106	107	108	109	110	111	112	113	114	115	116	117	118	119	120	121	122	123	125	126	127	
D30	125	0	1	2	3	4	5	6	7	8	9	10	11	12	13	14	15	16	17	18	19	20	21	22	23	24	64	96	97	103	104	105	106	107	108	109	110	111	112	113	114	115	116	117	118	119	120	121	122	123	124	126	127	
D31	126	3	4	5	6	7	8	9	10	11	12	13	14	15	16	17	18	19	20	21	22	23	24	103	104	105	106	107	108	112	113	114	115	116	117	118	119	120	121	122	123	124	125	127	
D32	127	6	7	8	9	10	11	12	13	14	15	16	17	19	20	21	22	23	24	103	104	105	106	115	116	117	118	119	120	121	122	124	125	126	
