Central electrode (CE) code	CE index	Neighbors
A1	0	1	32	64	96	110	
A2	1	0	2	32	110	
A3	2	1	3	
A4	3	2	18	
A5	4	17	
A6	5	6	
A7	6	5	7	124	
A8	7	6	8	17	124	
A9	8	7	9	125	
A10	9	8	10	126	
A11	10	9	11	127	
A12	11	10	
A13	12	13	
A14	13	12	14	
A15	14	13	15	
A16	15	14	16	
A17	16	15	17	
A18	17	4	7	16	
A19	18	3	19	
A20	19	18	20	
A21	20	19	21	
A22	21	20	22	
A23	22	21	23	
A24	23	22	24	
A25	24	23	
A26	25	26	
A27	26	25	27	
A28	27	26	28	
A29	28	27	29	
A30	29	28	30	
A31	30	29	31	36	
A32	31	30	
B1	32	0	1	33	51	64	
B2	33	32	50	
B3	34	35	
B4	35	34	36	44	
B5	36	30	35	37	44	
B6	37	36	38	43	
B7	38	37	39	42	
B8	39	38	40	41	
B9	40	39	
B10	41	39	42	
B11	42	38	41	43	
B12	43	37	42	44	
B13	44	35	36	43	
B14	45	46	
B15	46	45	47	
B16	47	46	48	
B17	48	47	49	
B18	49	48	50	
B19	50	33	49	
B20	51	32	52	
B21	52	51	53	
B22	53	52	54	
B23	54	53	55	
B24	55	54	56	
B25	56	55	57	
B26	57	56	
B27	58	59	
B28	59	58	60	
B29	60	59	61	
B30	61	60	62	
B31	62	61	63	
B32	63	62	65	74	
C1	64	0	32	65	96	
C2	65	63	64	74	
C3	66	67	
C4	67	66	68	73	
C5	68	67	69	73	
C6	69	68	70	72	
C7	70	69	71	
C8	71	70	72	
C9	72	69	71	73	
C10	73	67	68	72	76	
C11	74	63	65	75	
C12	75	74	76	
C13	76	73	75	77	
C14	77	76	78	
C15	78	77	79	
C16	79	78	
C17	80	81	
C18	81	80	82	
C19	82	81	83	
C20	83	82	84	
C21	84	83	85	
C22	85	84	86	
C23	86	85	
C24	87	88	97	108	
C25	88	87	89	
C26	89	88	90	95	
C27	90	89	91	
C28	91	90	92	
C29	92	91	
C30	93	94	102	
C31	94	93	95	101	
C32	95	89	94	99	100	
D1	96	0	64	97	110	
D2	97	87	96	108	
D3	98	99	
D4	99	95	98	100	
D5	100	95	99	101	
D6	101	94	100	102	
D7	102	93	101	
D8	103	104	
D9	104	103	105	
D10	105	104	106	
D11	106	105	107	
D12	107	106	108	
D13	108	87	97	107	
D14	109	110	113	
D15	110	0	1	96	109	111	
D16	111	110	112	
D17	112	111	123	
D18	113	109	114	
D19	114	113	115	
D20	115	114	116	
D21	116	115	117	
D22	117	116	118	
D23	118	117	
D24	119	120	
D25	120	119	121	
D26	121	120	122	
D27	122	121	123	
D28	123	112	122	
D29	124	6	7	125	
D30	125	8	124	126	
D31	126	9	125	127	
D32	127	10	126	
